      6 100786	103672
      6 101581	103174
     13 115709	117139
     17 115714	120124
     14 130305	134151
      6 132703	134168
     10 136232	139705
     62 136318	139928
    110 156302	158999
    172 165473	167528
      6 165577	169110
     43 2893	5367
      8 34922	38311
     52 35153	38077
     12 40961	43472
      7 41009	44304
      6 46738	49124
      8 47492	49099
     48 50983	53412
      7 5779	7569
      6 65843	69256
     42 67350	69184
      7 73180	74445
     14 78286	82594
     14 8528	11881
      6 90614	92329
