      2 chr1	114446967	114448663
      2 chr1	114447002	114448670
      2 chr9	119498830	119500237
      2 chr9	119498903	119500161
      4 chr12	121408930	121410460
      1 chr8	142396352	142397740
      3 chr8	142396380	142397716
      1 chr3	14302051	14303631
      4 chr3	14302081	14303603
      2 chr2	153031356	153033524
      2 chr2	153031861	153033460
      2 chr3	156798771	156800277
      3 chr3	156798903	156800361
      1 chr5	176538296	176539683
      2 chr5	176538318	176539701
      1 chr5	176540454	176541705
      3 chr19	1766907	1768244
      1 chr19	1766934	1768321
      4 chr20	21485206	21487664
      2 chr1	244435741	244437217
      2 chr1	244435833	244437196
      4 chr17	27053052	27054796
      1 chr1	27932315	27933627
      1 chr1	27932318	27933648
      1 chr1	27934704	27935932
      1 chr1	27934747	27936060
      3 chr7	2926112	2927575
      1 chr7	2926183	2927541
      1 chr20	30410111	30411509
      3 chr20	30410145	30411520
      3 chr11	34379956	34381825
      1 chr11	34380174	34381789
      1 chr20	37521740	37523309
      3 chr20	37521817	37523365
      1 chr4	41214131	41215494
      2 chr4	41214179	41215430
      1 chr4	41215988	41217359
      4 chr17	42610369	42612029
      3 chr17	42610439	42611752
      2 chr8	42947590	42949263
      2 chr8	42947907	42949298
      4 chr19	45981071	45983115
      2 chr19	45981171	45983155
      3 chr20	48224880	48226200
      2 chr20	48227144	48228542
      2 chr19	48836474	48838047
      3 chr19	48836484	48838088
      1 chr7	5526092	5528307
      4 chr7	5533802	5535142
      3 chr6	58776342	58779704
      2 chr6	58776706	58779795
      2 chr11	64884593	64886017
      2 chr11	64884760	64886069
      3 chr16	67554482	67556107
      1 chr16	67554515	67556161
      1 chr17	77387355	77390225
      4 chr17	77387436	77390169
      3 chr10	94333293	94335194
      1 chr10	94333370	94335211
